290
284
127
303
296
141
327
309
323
156
342
322
162
338
356
182
337
177
351
5
196
13
348
3
195
207
35
0
28
204
33
220
284
108
285
300
309
132
119
323
146
323
311
164
337
351
332
144
64
348
1
157
146
174
16
202
188
356
338
27
6
196
19
355
250
260
234
254
97
73
232
102
88
68
52
294
267
282
254
47
123
101
111
243
228
85
124
305
96
70
221
321
68
293
278
63
191
29
173
188
29
176
161
209
9
163
148
207
354
190
337
134
25
175
185
138
120
333
22
6
163
314
108
204
316
350
151
314
156
185
318
144
332
305
296
319
123
284
98
306
283
109
91
69
114
268
94
68
237
71
279
82
248
35
73
268
42
240
51
213
163
332
151
139
134
305
315
112
290
121
120
273
97
260
89
93
250
72
65
264
264
245
54
31
229
226
70
32
43
206
35
47
20
185
212
185
164
8
206
330
342
5
26
135
165
143
177
23
307
146
311
185
204
341
281
263
314
358
199
86
332
115
135
353
258
237
95
254
56
269
107
244
75
283
120
233
91
254
287
134
223
92
254
309
148
112
51
73
279
313
160
236
129
265
292
327
