377
581
992
583
369
967
302
359
461
243
997
291
1039
608
682
421
625
998
267
236
901
837
429
483
546
450
492
278
168
999
892
894
703
268
311
838
995
1032
931
286
1043
603
981
1011
824
288
468
371
63
441
922
1042
443
1038
1028
352
975
351
1027
363
1037
216
870
676
117
866
816
696
209
795
510
647
457
738
966
1041
943
797
1014
458
708
237
1020
1010
993
851
251
444
391
781
369
972
168
1004
971
874
988
337
255
123
894
259
428
644
824
422
453
776
963
960
483
372
519
185
679
752
334
824
841
908
1040
328
368
710
835
449
1039
66
826
50
1023
948
268
643
303
277
877
709
1027
345
864
959
226
142
109
1023
740
676
1047
452
201
887
911
97
78
356
609
1024
547
1045
221
741
765
1040
715
835
1047
732
937
150
707
786
453
267
833
181
486
806
1049
926
803
993
870
151
1050
150
1022
723
932
577
607
929
509
446
358
998
406
341
910
968
864
1013
618
956
601
1026
752
879
283
357
805
1008
680
452
668
105
798
335
821
1048
640
1033
687
1045
654
310
391
652
1045
757
218
113
1039
867
193
1030
1029
586
171
279
124
472
1000
1022
318
1040
1042
481
801
337
285
194
1041
221
791
579
